1091915
1220880
1223964
1236718
1240086
1250146
1250512
1254078
1255800
1258821
1259176
1259233
1259424
1259780
1259841
1261877
1261946
1262034
1262038
1262069
1262129
1262152
1262242
1262251
1262333
1262426
1262451
1264053
1265217
1265218
1265305
1265635
1266066
1270609
1275652
1276753
1281115
1215907
1229323
1230951
1244733
1245818
1249674
1251265
1260990
1279394
1281181
1288450
1293313
1274580
1293126
1219012
1241123
1242524
1243584
1251164
1252905
1258068
1275884
1288481
1292827
1288455
1292847
1292846
1275520
1233049
1261978
1262303
1262304
1262305
1262306
1262307
1262308
1264091
1264851
1276864
1281103
1281104
1282507
1282512
1282515
1282543
1282581
1283494
1286450
1286483
1291547
1292623
1296769
1296789
1296790
1296803
1296963
1297053
1297125
1297397
1297399
1297795
1297798
1297803
1297809
1297819
1297822
1297824
1246101
1245300
1261971
1283070
1265827
1297800
1267492
1281075
1297962
1298005
1162570
1283487
1265214
1266019
1298006
1296734
1298018
1298032
1291534
1291571
1291589
1291592
1291681
1291683
1291796
1291811
1291812
1262946
1262947
1264496
1291833
1291861
1291862
1291865
1291866
1292001
1292011
1292013
1292017
1292028
1292114
1292118
1292119
1292125
1292127
1292162
1292164
1292173
1292183
1292212
1292213
1292228
1292282
1292283
1292316
1292317
1292394
1293216
1293228
1293277
1293281
1293854
1293974
1293976
1294049
1294096
1294176
1294187
1294188
1294190
1294214
1294225
1294230
1294305
1294402
1294440
1294457
1294458
1294544
1294620
1294182
1292007
1286869
1291826
1093844
1101386
1264873
1114569
1215506
1229110
1250126
1252425
1252742
1255264
1256631
1259794
1259801
1262094
1262218
1263600
1264308
1264365
1264688
1264689
1264691
1264986
1265818
1270507
1271761
1273069
1275490
1275979
1277516
1277536
1277564
1277599
1277642
1277645
1277651
1277676
1277731
1277803
1277838
1277868
1278186
1278270
1278481
1278492
1279021
1279131
1280840
1281156
1282524
1282729
1282972
1282973
1287872
1288073
1288138
1288447
1288580
1288786
1291084
1291742
1291792
1291810
1292156
1292157
1292158
1292202
1292280
1292281
1292313
1293177
1293178
1293179
1293193
1293194
1293867
1293891
1294071
1294076
1294078
1294081
1294220
1294238
1294239
1294241
1294294
1294295
1294296
1294342
1294528
1294529
1294530
1294543
1294553
1294590
1294761
1294779
1294800
1294802
1294806
1295106
1297808
1297810
1297811
1297813
1297825
1297936
1297968
1297969
1297970
1297971
1297994
1298011
1298026
1298028
1298029
1298031
1298037
1298067
1298080
1298085
1298087
1298109
1298123
1298142
1298164
1298226
1298229
1298230
1298242
1298243
1298244
1298245
1298246
1298247
1298248
1298249
1298250
1298251
1298252
1298253
1298254
1298255
1298256
1298257
1298258
1298259
1298260
1298269
1298276
1298285
1298286
1298323
1298324
1298325
1298326
1298332
1298333
1298350
1298351
1251630
1264847
1276007
1298200
1298034
1256736
1261734
1264702
1265014
1277547
1277596
1277628
1277812
1277998
1278142
1279099
1282572
1282712
1283167
1283498
1286472
1291770
1291928
1292009
1294037
1294169