1091915
1220880
1236718
1240086
1250146
1250512
1254078
1255800
1257306
1259176
1259233
1259424
1259780
1259841
1261915
1261930
1261939
1261946
1262005
1262026
1262034
1262038
1262041
1262069
1262082
1262084
1262085
1262090
1262091
1262124
1262128
1262129
1262130
1262152
1262242
1262251
1262325
1262390
1262426
1262465
1264053
1265217
1265218
1265622
1265628
1265635
1266066
1267713
1267717
1267718
1270609
1270620
1270621
1270799
1274656
1274718
1274962
1275288
1275547
1275573
1275652
1275836
1275998
1276947
1276984
1277337
1277876
1277877
1277878
1280787
1281115
1281138
1154308
1155198
1155208
1155709
1159198
1162569
1220829
1220847
1222223
1229323
1230951
1232864
1244320
1244733
1244906
1245133
1245818
1249375
1249674
1250883
1251265
1252333
1257606
1258880
1260990
1275227
1275732
1276129
1277407
1279376
1279394
1281181
1281439
1286867
1287957
1288450
1292417
1292418
1292790
1292798
1292859
1293192
1293313
1274580
1264653
1257742
1219012
1219951
1241123
1242524
1243584
1251164
1252905
1257947
1258068
1258371
1258627
1259077
1274434
1275884
1279119
1279144
1288481
1292827
1288455
1250012
1261542
1292847
1294692
1279382
1279384
1292846
1275520
1294726
1294815
1245921
1264045
1243694
1249591
1261949
1261978
1262047
1262140
1262301
1262302
1262303
1262304
1262305
1262306
1262307
1262308
1262449
1264071
1264091
1264096
1264318
1264618
1264789
1264897
1265095
1267347
1267477
1267506
1267528
1269486
1269633
1276980
1276982
1277954
1279149
1279151
1279178
1279262
1281061
1281103
1281104
1282467
1282476
1282508
1282533
1282543
1282549
1282570
1282573
1282574
1282588
1282590
1282591
1282689
1282737
1282813
1282814
1282815
1282829
1282946
1283051
1283069
1283079
1283084
1283154
1283170
1283219
1283261
1283267
1283319
1283441
1283492
1283497
1286344
1286367
1286470
1291305
1291547
1291782
1293819
1294827
1296789
1296857
1296931
1296936
1296946
1297016
1297052
1297125
1297135
1297137
1297139
1297143
1297219
1297338
1297339
1297343
1297397
1297399
1297439
1297483
1297917
1282469
1264672
1283066
1283070
1281446
1265827
1294663
1267485
1267492
1264903
1281436
1282569
1282675
1282777
1103528
1294848
1264832
1264469
1282542
1282738
1282739
1282783
1282817
1283195
1283265
1264299
1282468
1282470
1282471
1282534
1282536
1282577
1282691
1282692
1282693
1282744
1283047
1285040
1285042
1267287
1283292
1294741
1294745
1294747
1294768
1294769
1294770
1298070
1298072
1287770
1292413
1264128
1282645
1281060
1281065
1281069
1281070
1283476
1294746
1294805
1263999
1294817
1264715
1274845
1283337
1119072
1298001
1298047
1298048
1298064
1264269
1271847
1272534
1283338
1292221
1297959
1297962
1297965
1286519
1286197
1293298
1293299
1293300
1282571
1298005
1275419
1265083
1282790
1283063
1291093
1251657
1277546
1162570
1283487
1265214
1265243
1265286
1265306
1265320
1265381
1265384
1265475
1265497
1265500
1265513
1265585
1265614
1266019
1266079
1266096
1266098
1298006
1296734
1285041
1257021
1294772
1298018
1298027
1298030
1298032
1269973
1291411
1238605
1249665
1280785
1277630
1298125
1298126
1298127
1252788
1296754
1261696
1264421
1273699
1298110
1298111
1298132
1298133
1298134
1281224
1282611
1282715
1283465
1283471
1283472
1283475
1283478
1283480
1291534
1291571
1291589
1291592
1291612
1291613
1291614
1291631
1291645
1291647
1291670
1291671
1291672
1291673
1291674
1291675
1291676
1291679
1291681
1291683
1291689
1291696
1291697
1291698
1291699
1291700
1291708
1291709
1291710
1291732
1291733
1291737
1291738
1291739
1291743
1291744
1291745
1291746
1291747
1291748
1291749
1291750
1291757
1291758
1291759
1291761
1291769
1291772
1291773
1291774
1291778
1291796
1291811
1291812
1291817
1291824
1158058
1262979
1264273
1264292
1264496
1291777
1291825
1291833
1291840
1291842
1291843
1291845
1291850
1291854
1291860
1291861
1291862
1291864
1291865
1291866
1291869
1291870
1291871
1291875
1291876
1291877
1291904
1291909
1291913
1291917
1291924
1291935
1291936
1291940
1291941
1291956
1291960
1291961
1291962
1291963
1291964
1291965
1291966
1291969
1291971
1291977
1291992
1291996
1292001
1292011
1292013
1292016
1292017
1292025
1292028
1292053
1292069
1292071
1292072
1292074
1292076
1292114
1292118
1292119
1292125
1292127
1292134
1292138
1292141
1292162
1292164
1292173
1292183
1292193
1292194
1292196
1292201
1292203
1292209
1292210
1292211
1292212
1292213
1292214
1292215
1292217
1292218
1292228
1292266
1292267
1292268
1292277
1292282
1292283
1292289
1292290
1292307
1292314
1292315
1292316
1292317
1292335
1292352
1292354
1292367
1292375
1293202
1293203
1293212
1293216
1293218
1293222
1293225
1293228
1293229
1293240
1293241
1293243
1293246
1293248
1293251
1293254
1293256
1293257
1293258
1293259
1293260
1293262
1293264
1293265
1293266
1293267
1293270
1293277
1293281
1293283
1293287
1293831
1293832
1293835
1293836
1293841
1293842
1293854
1293860
1293862
1293866
1293910
1293917
1293920
1293923
1293933
1293939
1293940
1293974
1293976
1293988
1293989
1293990
1293994
1293996
1293999
1294013
1294014
1294032
1294034
1294046
1294065
1294070
1294074
1294075
1294077
1294096
1294100
1294101
1294106
1294124
1294125
1294127
1294134
1294156
1294157
1294176
1294177
1294217
1294221
1294222
1294225
1294230
1294231
1294242
1294243
1294245
1294246
1294251
1294254
1294255
1294256
1294257
1294258
1294259
1294260
1294261
1294262
1294263
1294264
1294266
1294270
1294271
1294287
1294337
1294351
1294352
1294354
1294355
1294357
1294359
1294361
1294399
1294402
1294415
1294416
1294417
1294422
1294437
1294440
1294449
1294457
1294458
1294460
1294462
1294516
1294523
1294525
1294544
1294575
1294604
1294607
1294615
1294620
1294632
1294637
1294638
1294640
1294641
1294644
1294645
1294647
1294785
1294787
1294788
1294796
1294803
1294804
1295112
1295113
1295114
1297293
1291621
1291751
1291760
1292264
1294549
1294019
1258710
1294807
1298050
1298065
1298084
1247591
1277210
1291680
1291954
1291979
1292007
1292205
1298033
1292250
1293288
1264170
1282891
1286869
1291063
1291642
1291826
1291873
1292336
1263170
1263177
1264731
1286342
1286343
1294783
1294784
1293966
1293967
1296795
1294240
1298173
1277677
1277831
1277953
1101386
1103761
1255438
1262282
1293837
1293938
1264873
1286179
1294552
1291701
1291702
1291703
1291704
