1299850
1299857
1299885
1298136
1298028
1298029
1291630
1242524
1251164
1294394
1299033
1298361
1298362
1298438
1298442
1298744
1281074
1293977
1270570
1299881
1299882
1299836
1299837
1299838
1299839
1299840
1299841
1299842
1299843
1299845
1299846
1299847
1299848
1299849
1299851
1299852
1299853
1299854
1299855
1299856
1299858
1299859
1299863
1299864
1299865
1299866
1299867
1299868
1299869
1299870
1299871
1299872
1299873
1299874
1299875
1299876
1299877
1299878
1299879
1299880
1299790
1299792
1299793
1299794
1299795
1299796
1299797
1299798
1299799
1299800
1299801
1299802
1299803
1299804
1299805
1299806
1299807
1299808
1299809
1299810
1299812
1299813
1299814
1299815
1299816
1299817
1299818
1299819
1299822
1299823
1299824
1299825
1299826
1299827
1299828
1299829
1299830
1299831
1299832
1299833
1299834
1299835
1299750
1299751
1299752
1299753
1299754
1299755
1299756
1299757
1299758
1299759
1299760
1299761
1299762
1299763
1299764
1299765
1299766
1299767
1299768
1299769
1299770
1299771
1299772
1299773
1299774
1299775
1299776
1299777
1299780
1299781
1299782
1299783
1299784
1299785
1299786
1299787
1299788
1299789
1299741
1299742
1299743
1299744
1299746
1299747
1299748
1299749
1299028
1299737
1262268
1262239
1297015
1296966
1294708
1294714
1294719
1298363
1298479
1287233
1261767
1258892
1229892
1298225
1299738
1299739
1298490
1298491
1298492
1298493
1298494
1298495
1298094
1298301
1298302
1282673
1282795
1291984
1294360
1294386
1294387
1291823
1298104
1298106
1298107
1298767
1298266
1275938
1294287
1294399
1294402
1294457
1294458
1294544
1294620
1294370
1294403
1294646
1294176
1294229
1292289
1292317
1292281
1292231
1292232
1292233
1292001
1292011
1292013
1292017
1292162
1292164
1292173
1292007
1292156
1292158
1291983
1291989
1291990
1291991
1292130
1292168
1291928
1291959
1291792
1291810
1291830
1291831
1291832
1291680
1291640
1291571
1291530
1264496
1264307
1262873
1262996
1263018
1264690
1263248
1220895
1292950
1292985
1282567
1282568
1283179
1282566
1264231
1293868
1294059
1293952
1293982
1295105
1283420
1286371
1286476
1283326
1286405
1283490
1283482
1283489
1283419
1283421
1283456
1264920
1264744
1262704
1298468
1298470
1293031
1263249
1298082
1299350
1293008
1293089
1298238
1293007
1276794
1219790
1220965
1220966
1298485
1298486
1298357
1282938
1259941
1298992
1298993
1298994
1298997
1299000
1299003
1299006
1299007
1298955
1298956
1298963
1298964
1298966
1298967
1298969
1298973
1298977
1298980
1298982
1298988
1298920
1298922
1298923
1298925
1298926
1298932
1298934
1298935
1298936
1298937
1298939
1298940
1298941
1298944
1298948
1298950
1298951
1298885
1298896
1298899
1298901
1298904
1298907
1298908
1298909
1298910
1298913
1298914
1298915
1298916
1298855
1298858
1298859
1298860
1298864
1298867
1298871
1298872
1298873
1298876
1298881
1298882
1298883
1298815
1298816
1298819
1298820
1298822
1298823
1298825
1298826
1298829
1298830
1298831
1298832
1298833
1298838
1298848
1298849
1298851
1294777
1298807
1298808
1298809
1298810
1277679
1277765
1298350
1264250
1298801
1298803
1298804
1298770
1298772
1298773
1298775
1298779
1298780
1298781
1298793
1298794
1298795
1298797
1298603
1298762
1298763
1298764
1298766
1293137
1298358
1298355
1282492
1282503
1282453
1282560
1282569
1282473
1282474
1264499
1264506
1293201
1283507
1275546
1286472
1282712
1282572
1264702
1265014
1256736
1298034
1292623
1298200
1298031
1298011
1296790
1293126
1288450
1288447
1275979
1270507
1262451
1263600
1262218
1223964
1252905
1267492
1294096
1293974
1293976
1293854
1298032
1298018
1296734
1266066
1265635
1265217
1265218
1265214
1283487
1283070
1297962
1245818
1297399
1282543
1292847
1292846
1297397
1296789
1281103
1281104
1264091
1262426
1262034
1262038
1262129
1262152
1262242
1262251
1262303
1262304
1262305
1262306
1262307
1262308
1261946
1261978
1275520
1091915
1281115
1229323
1281181
1219012
1220880
1236718
1240086
1250146
1250512
1254078
1255800
1244733
1249674
1251265
1241123
1243584
1258068
1259176
1259424
1259780
1259841
1264053
1275652
1260990
1279394
1288481
1292827
1259233
